bought = True
stockBought = ESGLW
buyPrice = 0.003000000026077032
sellPrice = 0.003650000086054206
shares = 192542.62944277446
money = 577.6278933492637
value =577.6278933492637
