bought = True
 stockBought = MNTSW
buyPrice = 0.010499999858438969
sellPrice = 0.01850000023841858
shares = 11255.411055299332
money = 118.18181448731539
value =118.18181448731539
