bought = False
stockBought = PRZO
buyPrice = 1.0901000499725342
sellPrice = 1.21
shares = 91.0
money = 100.0
value =93.4829992055893
orderId =bdb7f49e-ab0f-4dc3-b6cb-e705725a3adf
