bought = True
stockBought = ANGHW
buyPrice = 0.07000000029802322
sellPrice = 0.10400000214576721
shares = 2058.1322464994937
money = 144.06925786833577
value =144.06925786833577
