bought = True
stockBought = AUROW
buyPrice = 0.23170000314712524
sellPrice = 0.2760000079870224
shares = 666.2059668732865
money = 154.3599246211741
value =154.3599246211741
