bought = True
stockBought = MIGI
buyPrice = 1.0815999507904053
sellPrice = 1.1687259418288554
shares = 264.52708585827804
money = 286.1124830470428
value =286.1124830470428
