bought = False
stockBought = AONCW
buyPrice = 0.2199999988079071
sellPrice = 0.25999999046325684
shares = 454.5454570084564
money = 100.0
value =0
